V1	0	1	1	
R1  1   2   20
R2  2   3   25 
L1  3   4   6e-9
C1  4   0   1e-12
TLa1 4   5   0.25    4e-9   0.2 1.6e-12 10
R3  5   0   50
C2  5   0   .5e-12
TLa2 5   6   0.25    4e-9   0.2 1.6e-12 10
C3  6   0   1e-12
R4  5   7   25
L2  7   8   5e-9
TLa3 8   9   0.25    4e-9   0.2 1.6e-12 10
C4  8   0   1e-12
C5  9   0   1e-12
C6  2   0   1e-12
TLb1 2   10   0.52    3e-9   0.05 1e-12 50
L3  10  11  10e-9
C7  11  0   1e-12
L4  11  12  10e-9
TLb2 12  13   0.52    3e-9   0.05 1e-12 50
R5  13  0   50
C8  13  0   0.5e-12
R6  13  14  25
L5  14  15  5e-9
C9 15  0   2e-12
TLb3 15  16   0.52    3e-9   0.05 1e-12 50
R7  16  0   100